2,21,2,12,0,4
3.0e7,0.3
1,-3,0,1,1
2,0,0,0,0
3,0,-3,1,1
4,3,-3,1,1
5,3,3,0,0
6,-3,3,1,1
7,-1.5,0,0,0
8,0,-1.5,0,0
9,1.5,-3,1,1
10,3,-1.5,0,0
11,3,0,0,0
12,3,1.5,0,0
13,1.5,3,0,0
14,0,3,0,0
15,-1.5,3,0,0
16,-3,1.5,1,1
17,1.5,0,0,0
18,-1.5,1.5,0,0
19,1.5,1.5,0,0
20,0,1.5,0,0
21,1.5,-1.5,0,0
1,7,18,16,1,1.0
2,13,14,20,19,1.0
3,10,11,17,21,1.0
4,8,21,17,2,1.0
5,14,15,18,20,1.0
6,3,9,21,8,1.0
7,4,10,21,9,1.0
8,11,12,19,17,1.0
9,12,5,13,19,1.0
10,16,18,15,6,1.0
11,7,2,20,18,1.0
12,19,20,2,17,1.0
3,1,-300.0
7,1,-300.0
8,1,-300.0
9,1,-300.0